1
1996
28
Cleveland Indians	AL	161	5681	952	1665	335	23	218	904	671	844	160	50	0.293	0.369	0.475	0.844
New York Yankees	AL	162	5628	871	1621	293	28	162	830	632	909	96	46	0.288	0.36	0.436	0.796
Minnesota Twins	AL	162	5673	877	1633	332	47	118	812	576	958	143	53	0.288	0.357	0.425	0.782
Colorado Rockies	NL	162	5590	961	1607	297	37	221	909	527	1108	201	66	0.287	0.355	0.472	0.827
Seattle Mariners	AL	161	5668	993	1625	343	19	245	954	670	1052	90	39	0.287	0.366	0.484	0.85
Texas Rangers	AL	163	5702	928	1622	323	32	221	890	660	1041	83	26	0.284	0.358	0.469	0.827
Boston Red Sox	AL	162	5756	928	1631	308	31	209	882	642	1020	91	44	0.283	0.359	0.457	0.816
Chicago White Sox	AL	162	5644	898	1586	284	33	195	860	701	927	105	41	0.281	0.36	0.447	0.807
Milwaukee Brewers	AL	162	5662	894	1578	304	40	178	845	624	986	101	48	0.279	0.353	0.441	0.794
California Angels	AL	161	5686	762	1571	256	24	192	727	527	974	53	39	0.276	0.339	0.431	0.77
Baltimore Orioles	AL	163	5689	949	1557	299	29	257	914	645	915	76	40	0.274	0.35	0.472	0.822
Atlanta Braves	NL	162	5614	773	1514	264	28	197	735	530	1032	83	43	0.27	0.333	0.432	0.765
New York Mets	NL	162	5618	746	1515	267	47	147	697	445	1069	97	48	0.27	0.324	0.412	0.737
St. Louis Cardinals	NL	162	5502	759	1468	281	31	142	711	495	1089	149	58	0.267	0.33	0.407	0.736
Kansas City Royals	AL	161	5542	746	1477	286	38	123	689	529	943	195	85	0.267	0.332	0.398	0.731
Pittsburgh Pirates	NL	162	5665	776	1509	319	33	138	738	510	989	126	49	0.266	0.329	0.407	0.736
San Diego Padres	NL	162	5655	771	1499	285	24	147	718	601	1014	109	55	0.265	0.338	0.402	0.74
Oakland Athletics	AL	162	5630	861	1492	283	21	243	823	640	1114	58	35	0.265	0.344	0.452	0.796
Houston Astros	NL	162	5508	753	1445	297	29	129	703	554	1057	180	63	0.262	0.336	0.397	0.733
Montreal Expos	NL	162	5505	741	1441	297	27	148	696	492	1077	108	34	0.262	0.327	0.406	0.733
Toronto Blue Jays	AL	162	5599	766	1451	302	35	177	712	529	1105	116	38	0.259	0.331	0.42	0.752
Florida Marlins	NL	162	5498	688	1413	240	30	150	650	553	1122	99	46	0.257	0.329	0.393	0.722
Cincinnati Reds	NL	162	5455	778	1398	259	36	191	733	604	1134	171	63	0.256	0.331	0.422	0.753
Detroit Tigers	AL	162	5530	783	1413	257	21	204	741	546	1268	87	50	0.256	0.323	0.42	0.743
Philadelphia Phillies	NL	162	5499	650	1405	249	39	132	604	536	1092	117	41	0.256	0.325	0.387	0.712
San Francisco Giants	NL	162	5533	752	1400	245	21	153	707	615	1189	113	53	0.253	0.331	0.388	0.719
Los Angeles Dodgers	NL	162	5538	703	1396	215	33	150	661	516	1190	124	40	0.252	0.316	0.384	0.701
Chicago Cubs	NL	162	5531	772	1388	267	19	175	725	523	1090	108	50	0.251	0.32	0.401	0.721
3
msort 1996 AB incr
ifind 1996 BB min
mfind 1996 R median
