1
1997
28
Boston Red Sox	AL	162	5781	851	1684	373	32	185	810	514	1044	68	48	0.291	0.352	0.463	0.815
Colorado Rockies	NL	162	5603	923	1611	269	40	239	869	562	1060	137	65	0.288	0.357	0.478	0.835
New York Yankees	AL	162	5710	891	1636	325	23	161	846	676	954	99	58	0.287	0.362	0.436	0.798
Cleveland Indians	AL	161	5556	868	1589	301	22	220	810	617	955	118	59	0.286	0.358	0.467	0.825
Seattle Mariners	AL	162	5614	925	1574	312	21	264	890	626	1110	89	40	0.28	0.355	0.485	0.839
Texas Rangers	AL	162	5651	807	1547	311	27	187	773	500	1116	72	37	0.274	0.334	0.438	0.771
Chicago White Sox	AL	161	5491	779	1498	260	28	158	740	569	901	106	52	0.273	0.341	0.417	0.758
Anaheim Angels	AL	162	5628	829	1531	279	25	161	775	617	953	126	72	0.272	0.346	0.416	0.762
San Diego Padres	NL	162	5609	795	1519	275	16	152	761	604	1129	140	60	0.271	0.342	0.407	0.749
Minnesota Twins	AL	162	5634	772	1522	305	40	132	730	495	1121	151	52	0.27	0.333	0.409	0.741
Atlanta Braves	NL	162	5528	791	1490	268	37	174	755	597	1160	108	58	0.27	0.343	0.426	0.769
Los Angeles Dodgers	NL	162	5544	742	1488	242	33	174	706	498	1079	131	64	0.268	0.33	0.418	0.748
Baltimore Orioles	AL	162	5584	812	1498	264	22	196	780	586	952	63	26	0.268	0.341	0.429	0.77
Kansas City Royals	AL	161	5599	747	1478	256	35	158	711	561	1061	130	66	0.264	0.333	0.407	0.74
Chicago Cubs	NL	162	5489	687	1444	269	39	127	642	451	1003	116	60	0.263	0.321	0.396	0.717
New York Mets	NL	162	5524	777	1448	274	28	153	741	550	1029	97	74	0.262	0.332	0.405	0.737
Pittsburgh Pirates	NL	162	5503	725	1440	291	52	129	686	481	1161	160	50	0.262	0.329	0.404	0.733
Milwaukee Brewers	AL	161	5444	681	1415	294	27	135	643	494	967	103	55	0.26	0.325	0.398	0.723
Oakland Athletics	AL	162	5589	764	1451	274	23	197	714	642	1181	71	36	0.26	0.339	0.423	0.762
Houston Astros	NL	162	5502	777	1427	314	40	133	720	633	1085	171	74	0.259	0.344	0.403	0.747
Florida Marlins	NL	162	5439	740	1410	272	28	136	703	686	1074	115	58	0.259	0.346	0.395	0.741
Detroit Tigers	AL	162	5481	784	1415	268	32	176	743	578	1164	161	72	0.258	0.332	0.415	0.747
San Francisco Giants	NL	162	5485	784	1415	266	37	172	746	642	1120	121	49	0.258	0.337	0.414	0.751
Montreal Expos	NL	162	5526	691	1423	339	34	172	659	420	1084	75	46	0.258	0.316	0.425	0.741
Philadelphia Phillies	NL	162	5443	668	1390	290	35	116	622	519	1032	92	56	0.255	0.322	0.385	0.707
St. Louis Cardinals	NL	162	5524	689	1409	269	39	144	654	543	1191	164	60	0.255	0.324	0.396	0.72
Cincinnati Reds	NL	162	5484	651	1386	269	27	142	612	518	1113	190	67	0.253	0.321	0.389	0.71
Toronto Blue Jays	AL	162	5473	654	1333	275	41	147	627	487	1138	134	50	0.244	0.31	0.389	0.699
4
msort 1997 AB incr
isort 1997 B2 decr
ifind 1997 SLG min
mfind 1997 OPS median
